net 
{ 
}
node APRESENTACAO_ADMISSAO 
{
  states = ( "0_0" "1_0" "2_0" "3_0" "4_0" "5_0" "6_0" );
}
node APRESENTACAO_NO_PARTO 
{
  states = ( "0_0" "1_0" "2_0" "3_0" "4_0" );
}
node A_GESTA 
{
  states = ( "0_0" "1_0" "2_0" );
}
node A_PARA 
{
  states = ( "0_0" "1_0" );
}
node CESARIANAS_ANTERIOR 
{
  states = ( "0_0" "1_0" );
}
node EUTOCITO_ANTERIOR 
{
  states = ( "0_0" "1_0" );
}
node GRUPO_ROBSON 
{
  states = ( "0_0" "1_0" "2_0" "3_0" "4_0" "5_0" "6_0" "7_0" "8_0" "9_0" "10_0" );
}
node GS 
{
  states = ( "0_0" "1_0" "2_0" "3_0" "4_0" "5_0" "6_0" "7_0" "8_0" "9_0" "10_0" "11_0" "12_0" "13_0" );
}
node IDADE_GESTACIONAL_ADMISSAO 
{
  states = ( "0_0" "1_0" "2_0" "3_0" "4_0" );
}
node IDADE_MATERNA 
{
  states = ( "0_0" "1_0" "2_0" "3_0" "4_0" );
}
node IMC 
{
  states = ( "0_0" "1_0" "2_0" "3_0" "4_0" );
}
node NUMERO_CONSULTAS_PRE_NATAL 
{
  states = ( "0_0" "1_0" "2_0" "3_0" );
}
node PESO_INICIAL 
{
  states = ( "0_0" "1_0" "2_0" "3_0" "4_0" );
}
node SEMANAS_GESTACAO_PARTO 
{
  states = ( "0_0" "1_0" "2_0" "3_0" "4_0" );
}
node TIPO_GRAVIDEZ 
{
  states = ( "0_0" "1_0" "2_0" "3_0" "4_0" "5_0" "6_0" );
}
node TIPO_PARTO 
{
  states = ( "0_0" "1_0" "2_0" "3_0" "4_0" "5_0" "6_0" "7_0" );
}
node TRAB_PARTO_ENTRADA_ESPONTANEO 
{
  states = ( "0_0" "1_0" );
}
node TRAB_PARTO_NO_PARTO 
{
  states = ( "0_0" "1_0" "2_0" "3_0" "4_0" "5_0" "6_0" "7_0" "8_0" "9_0" "10_0" );
}
node VIGIADA 
{
  states = ( "0_0" "1_0" "2_0" "3_0" );
}
node VIGIADA_CENTRO_SAUDE 
{
  states = ( "0_0" "1_0" );
}
node VIGIADA_NESTE_HOSPITAL 
{
  states = ( "0_0" "1_0" );
}
node VIGIADA_PARICULAR 
{
  states = ( "0_0" "1_0" );
}
node silo 
{
  states = ( "0_0" "1_0" "2_0" "3_0" "4_0" "5_0" "6_0" "7_0" "8_0" );
}
potential ( APRESENTACAO_ADMISSAO | APRESENTACAO_NO_PARTO CESARIANAS_ANTERIOR silo ) 
{
  data = ((((0.6666667 0.3333333 0.0000000 0.0000000 0.0000000 0.0000000 0.0000000)(0.585365854 0.413573701 0.000000000 0.000000000 0.000000000 0.001060445 0.000000000)(0.5 0.5 0.0 0.0 0.0 0.0 0.0)(1.0 0.0 0.0 0.0 0.0 0.0 0.0)(0.5451192525 0.4511925252 0.0004917630 0.0007376445 0.0000000000 0.0024588149 0.0000000000)(0.7805989583 0.2174479167 0.0000000000 0.0000000000 0.0000000000 0.0013020833 0.0006510417)(0.27400768 0.72343150 0.00000000 0.00128041 0.00000000 0.00128041 0.00000000)(0.7989691 0.2010309 0.0000000 0.0000000 0.0000000 0.0000000 0.0000000)(0.7529586 0.2470414 0.0000000 0.0000000 0.0000000 0.0000000 0.0000000))((0.8713307241 0.1276908023 0.0000000000 0.0001630789 0.0000000000 0.0006523157 0.0001630789)(0.7907383832 0.2065563335 0.0003182686 0.0007956715 0.0000000000 0.0009548059 0.0006365372)(0.4529746282 0.5426509186 0.0004374453 0.0015310586 0.0000000000 0.0015310586 0.0008748906)(0.96134831 0.03865169 0.00000000 0.00000000 0.00000000 0.00000000 0.00000000)(0.7678491 0.2302649 0.001796138 0.007184553 0.000000 0.008980692 0.0008980692)(0.8473816552 0.1507598120 0.0001093255 0.0002186509 0.0000000000 0.0007652782 0.0007652782)(0.3481186907 0.6503517895 0.0001529520 0.0000000000 0.0003059039 0.0010706638 0.0000000000)(0.8869239014 0.1125401929 0.0000000000 0.0003572705 0.0000000000 0.0001786352 0.0000000000)(0.7430555556 0.2558760684 0.0000000000 0.0002136752 0.0000000000 0.0008547009 0.0000000000)))(((0.1428571 0.1428571 0.1428571 0.1428571 0.1428571 0.1428571 0.1428571)(0.5 0.0 0.5 0.0 0.0 0.0 0.0)(0.1428571 0.1428571 0.1428571 0.1428571 0.1428571 0.1428571 0.1428571)(0.1428571 0.1428571 0.1428571 0.1428571 0.1428571 0.1428571 0.1428571)(0.0 0.0 0.0 1.0 0.0 0.0 0.0)(1.0 0.0 0.0 0.0 0.0 0.0 0.0)(1.0 0.0 0.0 0.0 0.0 0.0 0.0)(0.1428571 0.1428571 0.1428571 0.1428571 0.1428571 0.1428571 0.1428571)(0.1428571 0.1428571 0.1428571 0.1428571 0.1428571 0.1428571 0.1428571))((1.0 0.0 0.0 0.0 0.0 0.0 0.0)(0.8750 0.0625 0.0000 0.0000 0.0000 0.0625 0.0000)(0.6666667 0.0000000 0.0000000 0.0000000 0.0000000 0.3333333 0.0000000)(1.0 0.0 0.0 0.0 0.0 0.0 0.0)(0.750 0.125 0.000 0.000 0.000 0.000 0.125)(0.7142857 0.0000000 0.0000000 0.0000000 0.0000000 0.0000000 0.2857143)(0.625 0.125 0.000 0.125 0.000 0.000 0.125)(1.0 0.0 0.0 0.0 0.0 0.0 0.0)(0.8333333 0.0000000 0.0000000 0.1666667 0.0000000 0.0000000 0.0000000)))(((0.1428571 0.1428571 0.1428571 0.1428571 0.1428571 0.1428571 0.1428571)(1.0 0.0 0.0 0.0 0.0 0.0 0.0)(0.1428571 0.1428571 0.1428571 0.1428571 0.1428571 0.1428571 0.1428571)(0.1428571 0.1428571 0.1428571 0.1428571 0.1428571 0.1428571 0.1428571)(1.0 0.0 0.0 0.0 0.0 0.0 0.0)(1.0 0.0 0.0 0.0 0.0 0.0 0.0)(0.0 1.0 0.0 0.0 0.0 0.0 0.0)(0.1428571 0.1428571 0.1428571 0.1428571 0.1428571 0.1428571 0.1428571)(1.0 0.0 0.0 0.0 0.0 0.0 0.0))((1.0 0.0 0.0 0.0 0.0 0.0 0.0)(0.8181818 0.1818182 0.0000000 0.0000000 0.0000000 0.0000000 0.0000000)(0.3333333 0.6666667 0.0000000 0.0000000 0.0000000 0.0000000 0.0000000)(1.0 0.0 0.0 0.0 0.0 0.0 0.0)(0.6 0.4 0.0 0.0 0.0 0.0 0.0)(1.0 0.0 0.0 0.0 0.0 0.0 0.0)(0.6666667 0.0000000 0.0000000 0.0000000 0.0000000 0.3333333 0.0000000)(0.8 0.2 0.0 0.0 0.0 0.0 0.0)(0.875 0.125 0.000 0.000 0.000 0.000 0.000)))(((0.1428571 0.1428571 0.1428571 0.1428571 0.1428571 0.1428571 0.1428571)(0.6206897 0.0000000 0.0000000 0.0000000 0.0000000 0.3793103 0.0000000)(0.1428571 0.1428571 0.1428571 0.1428571 0.1428571 0.1428571 0.1428571)(0.1428571 0.1428571 0.1428571 0.1428571 0.1428571 0.1428571 0.1428571)(0.573529412 0.022058824 0.000000000 0.000000000 0.000000000 0.397058824 0.007352941)(0.87755102 0.01020408 0.00000000 0.00000000 0.00000000 0.11224490 0.00000000)(0.35897436 0.05128205 0.00000000 0.00000000 0.00000000 0.58974359 0.00000000)(1.0 0.0 0.0 0.0 0.0 0.0 0.0)(0.7777778 0.0000000 0.0000000 0.0000000 0.0000000 0.2222222 0.0000000))((0.91364903 0.01114206 0.00000000 0.00000000 0.00000000 0.07520891 0.00000000)(0.83727811 0.00591716 0.00000000 0.00000000 0.00000000 0.15384615 0.00295858)(0.640350877 0.030701754 0.000000000 0.000000000 0.000000000 0.324561404 0.004385965)(0.92391304 0.01086957 0.00000000 0.00000000 0.00000000 0.06521739 0.00000000)(0.881201044 0.013054830 0.000000000 0.000000000 0.000000000 0.100522193 0.005221932)(0.904530744 0.009708738 0.000000000 0.000000000 0.000000000 0.085760518 0.000000000)(0.484764543 0.052631579 0.000000000 0.008310249 0.000000000 0.448753463 0.005540166)(0.951612903 0.003225806 0.000000000 0.000000000 0.000000000 0.041935484 0.003225806)(0.68442623 0.04303279 0.00000000 0.00204918 0.00000000 0.27049180 0.00000000)))(((0.1428571 0.1428571 0.1428571 0.1428571 0.1428571 0.1428571 0.1428571)(0.1428571 0.1428571 0.1428571 0.1428571 0.1428571 0.1428571 0.1428571)(0.1428571 0.1428571 0.1428571 0.1428571 0.1428571 0.1428571 0.1428571)(0.1428571 0.1428571 0.1428571 0.1428571 0.1428571 0.1428571 0.1428571)(1.0 0.0 0.0 0.0 0.0 0.0 0.0)(1.0 0.0 0.0 0.0 0.0 0.0 0.0)(1.0 0.0 0.0 0.0 0.0 0.0 0.0)(1.0 0.0 0.0 0.0 0.0 0.0 0.0)(0.1428571 0.1428571 0.1428571 0.1428571 0.1428571 0.1428571 0.1428571))((0.8636364 0.1363636 0.0000000 0.0000000 0.0000000 0.0000000 0.0000000)(1.0 0.0 0.0 0.0 0.0 0.0 0.0)(0.4 0.0 0.0 0.0 0.0 0.6 0.0)(0.8888889 0.1111111 0.0000000 0.0000000 0.0000000 0.0000000 0.0000000)(1.0 0.0 0.0 0.0 0.0 0.0 0.0)(0.90243902 0.07317073 0.00000000 0.00000000 0.00000000 0.02439024 0.00000000)(0.25 0.75 0.00 0.00 0.00 0.00 0.00)(1.0 0.0 0.0 0.0 0.0 0.0 0.0)(0.87500000 0.04166667 0.00000000 0.00000000 0.00000000 0.08333333 0.00000000)))) ;
}
potential ( APRESENTACAO_NO_PARTO | GRUPO_ROBSON ) 
{
  data = ((1.0 0.0 0.0 0.0 0.0)(1.0 0.0 0.0 0.0 0.0)(1.0 0.0 0.0 0.0 0.0)(1.0 0.0 0.0 0.0 0.0)(1.0 0.0 0.0 0.0 0.0)(1.0 0.0 0.0 0.0 0.0)(0.0 0.0 0.0 1.0 0.0)(0.0 0.0 0.0 1.0 0.0)(0.94736842 0.00000000 0.00000000 0.05263158 0.00000000)(0.0 1.0 0.0 0.0 0.0)(0.9309921415 0.0002455796 0.0176817289 0.0203831041 0.0306974460)) ;
}
potential ( A_GESTA | A_PARA CESARIANAS_ANTERIOR GRUPO_ROBSON ) 
{
  data = ((((0.000825423 0.800660338 0.198514239)(0.004016064 0.718875502 0.277108434)(0.002597403 0.778354978 0.219047619)(0.0 1.0 0.0)(0.0 0.5 0.5)(0.0 1.0 0.0)(0.0000000 0.8088235 0.1911765)(0.3333333 0.3333333 0.3333333)(0.0000000 0.7692308 0.2307692)(0.0 0.5 0.5)(0.000000 0.822314 0.177686))((0.0005760369 0.8732718894 0.1261520737)(0.0000000 0.8366667 0.1633333)(0.0000000 0.8549757 0.1450243)(0.0 1.0 0.0)(0.0 1.0 0.0)(0.3333333 0.3333333 0.3333333)(0.000000 0.846395 0.153605)(0.3333333 0.3333333 0.3333333)(0.0 1.0 0.0)(0.0 1.0 0.0)(0.000000 0.804428 0.195572)))(((0.0 0.0 1.0)(0.00000000 0.01428571 0.98571429)(0.0 0.6 0.4)(0.000000000 0.002446697 0.997553303)(0.000000000 0.003685504 0.996314496)(0.3333333 0.3333333 0.3333333)(0.3333333 0.3333333 0.3333333)(0.0 0.0 1.0)(0.0 0.0 1.0)(0.0 0.0 1.0)(0.000000000 0.007936508 0.992063492))((0.0001424197 0.8300932849 0.1697642954)(0.000000 0.427752 0.572248)(0.0003170912 0.8056230842 0.1940598245)(0.000000000 0.001093835 0.998906165)(0.000000000 0.001306762 0.998693238)(0.000000000 0.001780944 0.998219056)(0.0005546312 0.8175263450 0.1819190238)(0.0000000000 0.0007326007 0.9992673993)(0.0000000 0.2352941 0.7647059)(0.0000000 0.1666667 0.8333333)(0.000000 0.417599 0.582401)))) ;
}
potential ( A_PARA | GRUPO_ROBSON silo ) 
{
  data = (((0.06999391 0.93000609)(0.1427685 0.8572315)(0.4227156 0.5772844)(0.2236025 0.7763975)(0.3657726 0.6342274)(0.2857593 0.7142407)(0.1731253 0.8268747)(0.1918009 0.8081991)(0.0795968 0.9204032))((0.05842697 0.94157303)(0.1230769 0.8769231)(0.2508591 0.7491409)(0.04651163 0.95348837)(0.1656704 0.8343296)(0.1142473 0.8857527)(0.1098266 0.8901734)(0.1330166 0.8669834)(0.04745167 0.95254833))((0.07331976 0.92668024)(0.1424196 0.8575804)(0.4128959 0.5871041)(0.1052632 0.8947368)(0.349541 0.650459)(0.2798574 0.7201426)(0.1689587 0.8310413)(0.2084885 0.7915115)(0.08901515 0.91098485))((0.0 1.0)(0.000672043 0.999327957)(0.0 1.0)(0.0 1.0)(0.0002773925 0.9997226075)(0.0 1.0)(0.0 1.0)(0.0 1.0)(0.0 1.0))((0.0 1.0)(0.0 1.0)(0.003460208 0.996539792)(0.0 1.0)(0.0005467469 0.9994532531)(0.001515152 0.998484848)(0.0 1.0)(0.0 1.0)(0.0 1.0))((0.0 1.0)(0.0 1.0)(0.0 1.0)(0.0 1.0)(0.0007092199 0.9992907801)(0.0 1.0)(0.001005025 0.998994975)(0.0 1.0)(0.0 1.0))((0.09478673 0.90521327)(0.1173709 0.8826291)(0.5413534 0.4586466)(0.1875 0.8125)(0.3543046 0.6456954)(0.2370203 0.7629797)(0.1447368 0.8552632)(0.1782178 0.8217822)(0.05434783 0.94565217))((0.0 1.0)(0.0 1.0)(0.0 1.0)(0.0 1.0)(0.0 1.0)(0.0 1.0)(0.0 1.0)(0.0 1.0)(0.0 1.0))((0.0 1.0)(0.0 1.0)(0.5 0.5)(0.0 1.0)(0.1428571 0.8571429)(0.4782609 0.5217391)(0.2222222 0.7777778)(0.25 0.75)(0.3 0.7))((0.0 1.0)(0.1111111 0.8888889)(0.6666667 0.3333333)(0.5 0.5)(0.2222222 0.7777778)(0.25 0.75)(0.0 1.0)(0.0 1.0)(0.0 1.0))((0.02997859 0.97002141)(0.2918108 0.7081892)(0.1333333 0.8666667)(0.08647215 0.91352785)(0.2 0.8)(0.08030593 0.91969407)(0.06666667 0.93333333)(0.1230769 0.8769231)(0.1090909 0.8909091))) ;
}
potential ( CESARIANAS_ANTERIOR | A_PARA GRUPO_ROBSON silo ) 
{
  data = ((((0.008695652 0.991304348)(0.4434783 0.5565217)(0.002020202 0.997979798)(0.0 1.0)(0.90590526 0.09409474)(0.615215 0.384785)(0.6017442 0.3982558)(0.1068702 0.8931298)(0.5676856 0.4323144))((0.0 1.0)(0.3541667 0.6458333)(0.0 1.0)(0.0 1.0)(0.8041237 0.1958763)(0.4823529 0.5176471)(0.5789474 0.4210526)(0.01785714 0.98214286)(0.4444444 0.5555556))((0.0 1.0)(0.3978495 0.6021505)(0.002739726 0.997260274)(0.5 0.5)(0.5233463 0.4766537)(0.581741 0.418259)(0.6046512 0.3953488)(0.1107143 0.8892857)(0.5673759 0.4326241))((0.5 0.5)(0.0 1.0)(0.5 0.5)(0.5 0.5)(1.0 0.0)(0.5 0.5)(0.5 0.5)(0.5 0.5)(0.5 0.5))((0.5 0.5)(0.5 0.5)(0.0 1.0)(0.5 0.5)(1.0 0.0)(1.0 0.0)(0.5 0.5)(0.5 0.5)(0.5 0.5))((0.5 0.5)(0.5 0.5)(0.5 0.5)(0.5 0.5)(1.0 0.0)(0.5 0.5)(1.0 0.0)(0.5 0.5)(0.5 0.5))((0.0 1.0)(0.28 0.72)(0.0 1.0)(0.0 1.0)(0.4626168 0.5373832)(0.6380952 0.3619048)(0.6060606 0.3939394)(0.05555556 0.94444444)(0.6 0.4))((0.5 0.5)(0.5 0.5)(0.5 0.5)(0.5 0.5)(0.5 0.5)(0.5 0.5)(0.5 0.5)(0.5 0.5)(0.5 0.5))((0.5 0.5)(0.5 0.5)(0.5 0.5)(0.5 0.5)(1.0 0.0)(0.6363636 0.3636364)(1.0 0.0)(0.0 1.0)(1.0 0.0))((0.5 0.5)(0.5 0.5)(0.0 1.0)(0.5 0.5)(0.0 1.0)(0.5 0.5)(0.5 0.5)(0.5 0.5)(0.5 0.5))((0.0 1.0)(0.8972332 0.1027668)(0.0 1.0)(0.006134969 0.993865031)(0.7142857 0.2857143)(0.04761905 0.95238095)(1.0 0.0)(0.04166667 0.95833333)(0.6666667 0.3333333)))(((0.0 1.0)(0.0 1.0)(0.0 1.0)(0.0 1.0)(0.0003742515 0.9996257485)(0.0 1.0)(0.0 1.0)(0.0 1.0)(0.0 1.0))((0.0 1.0)(0.03508772 0.96491228)(0.0 1.0)(0.0 1.0)(0.111566 0.888434)(0.06828528 0.93171472)(0.05519481 0.94480519)(0.01369863 0.98630137)(0.04059041 0.95940959))((0.0 1.0)(0.0 1.0)(0.0 1.0)(0.0 1.0)(0.001568217 0.998431783)(0.0008250825 0.9991749175)(0.0007880221 0.9992119779)(0.0 1.0)(0.0 1.0))((0.0007451565 0.9992548435)(0.1499664 0.8500336)(0.003659652 0.996340348)(0.007352941 0.992647059)(0.4214761 0.5785239)(0.1936153 0.8063847)(0.1545012 0.8454988)(0.07058824 0.92941176)(0.1106803 0.8893197))((0.001538462 0.998461538)(0.1329562 0.8670438)(0.0 1.0)(0.0 1.0)(0.1810722 0.8189278)(0.1729894 0.8270106)(0.1476846 0.8523154)(0.06144578 0.93855422)(0.1193182 0.8806818))((0.0 1.0)(0.0 1.0)(0.0 1.0)(0.0 1.0)(0.0 1.0)(0.0 1.0)(0.0 1.0)(0.0 1.0)(0.0 1.0))((0.0 1.0)(0.0 1.0)(0.0 1.0)(0.0 1.0)(0.0 1.0)(0.0 1.0)(0.0 1.0)(0.0 1.0)(0.0 1.0))((0.0 1.0)(0.07142857 0.92857143)(0.0 1.0)(0.0 1.0)(0.1241611 0.8758389)(0.1115242 0.8884758)(0.1104651 0.8895349)(0.01785714 0.98214286)(0.07627119 0.92372881))((0.0 1.0)(0.0 1.0)(0.5 0.5)(0.0 1.0)(0.1666667 0.8333333)(0.0 1.0)(0.2857143 0.7142857)(0.0 1.0)(0.2857143 0.7142857))((0.0 1.0)(0.0625 0.9375)(0.0 1.0)(0.5 0.5)(0.1428571 0.8571429)(0.0 1.0)(0.1111111 0.8888889)(0.0 1.0)(0.0 1.0))((0.0 1.0)(0.3387622 0.6612378)(0.0 1.0)(0.00116144 0.99883856)(0.2142857 0.7857143)(0.06029106 0.93970894)(0.07142857 0.92857143)(0.0 1.0)(0.1020408 0.8979592)))) ;
}
potential ( EUTOCITO_ANTERIOR | A_PARA CESARIANAS_ANTERIOR GRUPO_ROBSON silo ) 
{
  data = (((((1.0 0.0)(1.0 0.0)(1.0 0.0)(0.5 0.5)(0.9992836676 0.0007163324)(1.0 0.0)(1.0 0.0)(1.0 0.0)(1.0 0.0))((0.5 0.5)(1.0 0.0)(0.5 0.5)(0.5 0.5)(1.0 0.0)(1.0 0.0)(1.0 0.0)(1.0 0.0)(1.0 0.0))((0.5 0.5)(1.0 0.0)(1.0 0.0)(1.0 0.0)(1.0 0.0)(0.996350365 0.003649635)(0.993589744 0.006410256)(1.0 0.0)(1.0 0.0))((0.5 0.5)(0.5 0.5)(0.5 0.5)(0.5 0.5)(1.0 0.0)(0.5 0.5)(0.5 0.5)(0.5 0.5)(0.5 0.5))((0.5 0.5)(0.5 0.5)(0.5 0.5)(0.5 0.5)(1.0 0.0)(1.0 0.0)(0.5 0.5)(0.5 0.5)(0.5 0.5))((0.5 0.5)(0.5 0.5)(0.5 0.5)(0.5 0.5)(1.0 0.0)(0.5 0.5)(1.0 0.0)(0.5 0.5)(0.5 0.5))((0.5 0.5)(1.0 0.0)(0.5 0.5)(0.5 0.5)(1.0 0.0)(0.98507463 0.01492537)(1.0 0.0)(1.0 0.0)(1.0 0.0))((0.5 0.5)(0.5 0.5)(0.5 0.5)(0.5 0.5)(0.5 0.5)(0.5 0.5)(0.5 0.5)(0.5 0.5)(0.5 0.5))((0.5 0.5)(0.5 0.5)(0.5 0.5)(0.5 0.5)(1.0 0.0)(1.0 0.0)(1.0 0.0)(0.5 0.5)(1.0 0.0))((0.5 0.5)(1.0 0.0)(0.5 0.5)(0.5 0.5)(0.5 0.5)(1.0 0.0)(0.5 0.5)(0.5 0.5)(0.5 0.5))((0.5 0.5)(1.0 0.0)(0.5 0.5)(1.0 0.0)(1.0 0.0)(1.0 0.0)(1.0 0.0)(1.0 0.0)(1.0 0.0)))(((0.0 1.0)(0.0 1.0)(0.0 1.0)(0.0 1.0)(0.1448276 0.8551724)(0.01432665 0.98567335)(0.0 1.0)(0.0 1.0)(0.0 1.0))((0.0 1.0)(0.0 1.0)(0.0 1.0)(0.0 1.0)(0.3421053 0.6578947)(0.04545455 0.95454545)(0.0 1.0)(0.01818182 0.98181818)(0.0 1.0))((0.0 1.0)(0.0 1.0)(0.0 1.0)(0.0 1.0)(0.8530612 0.1469388)(0.03045685 0.96954315)(0.0 1.0)(0.004016064 0.995983936)(0.0 1.0))((0.5 0.5)(0.0 1.0)(0.5 0.5)(0.5 0.5)(0.5 0.5)(0.5 0.5)(0.5 0.5)(0.5 0.5)(0.5 0.5))((0.5 0.5)(0.5 0.5)(0.0 1.0)(0.5 0.5)(0.5 0.5)(0.5 0.5)(0.5 0.5)(0.5 0.5)(0.5 0.5))((0.5 0.5)(0.5 0.5)(0.5 0.5)(0.5 0.5)(0.5 0.5)(0.5 0.5)(0.5 0.5)(0.5 0.5)(0.5 0.5))((0.0 1.0)(0.0 1.0)(0.0 1.0)(0.0 1.0)(0.8521739 0.1478261)(0.05263158 0.94736842)(0.07692308 0.92307692)(0.05882353 0.94117647)(0.0 1.0))((0.5 0.5)(0.5 0.5)(0.5 0.5)(0.5 0.5)(0.5 0.5)(0.5 0.5)(0.5 0.5)(0.5 0.5)(0.5 0.5))((0.5 0.5)(0.5 0.5)(0.5 0.5)(0.5 0.5)(0.5 0.5)(0.0 1.0)(0.5 0.5)(0.0 1.0)(0.5 0.5))((0.5 0.5)(0.0 1.0)(0.0 1.0)(0.5 0.5)(1.0 0.0)(0.0 1.0)(0.5 0.5)(0.5 0.5)(0.5 0.5))((0.0 1.0)(0.0 1.0)(0.0 1.0)(0.0 1.0)(0.5 0.5)(0.025 0.975)(0.5 0.5)(0.0 1.0)(0.0 1.0))))((((0.5 0.5)(0.5 0.5)(0.5 0.5)(0.5 0.5)(0.0 1.0)(0.5 0.5)(0.5 0.5)(0.5 0.5)(0.5 0.5))((0.5 0.5)(0.25 0.75)(0.5 0.5)(0.5 0.5)(0.2385321 0.7614679)(0.08888889 0.91111111)(0.1764706 0.8235294)(0.4 0.6)(0.1363636 0.8636364))((0.5 0.5)(0.5 0.5)(0.5 0.5)(0.5 0.5)(1.0 0.0)(0.0 1.0)(0.0 1.0)(0.5 0.5)(0.5 0.5))((0.0 1.0)(0.1838565 0.8161435)(0.25 0.75)(1.0 0.0)(0.2672811 0.7327189)(0.1584582 0.8415418)(0.1614173 0.8385827)(0.1923077 0.8076923)(0.2356688 0.7643312))((0.0 1.0)(0.1702128 0.8297872)(0.5 0.5)(0.5 0.5)(0.2809668 0.7190332)(0.1315789 0.8684211)(0.1949153 0.8050847)(0.3137255 0.6862745)(0.2 0.8))((0.5 0.5)(0.5 0.5)(0.5 0.5)(0.5 0.5)(0.5 0.5)(0.5 0.5)(0.5 0.5)(0.5 0.5)(0.5 0.5))((0.5 0.5)(0.5 0.5)(0.5 0.5)(0.5 0.5)(0.5 0.5)(0.5 0.5)(0.5 0.5)(0.5 0.5)(0.5 0.5))((0.5 0.5)(0.1 0.9)(0.5 0.5)(0.5 0.5)(0.2702703 0.7297297)(0.06666667 0.93333333)(0.2631579 0.7368421)(0.0 1.0)(0.2777778 0.7222222))((0.5 0.5)(0.5 0.5)(0.5 0.5)(0.5 0.5)(0.0 1.0)(0.5 0.5)(0.0 1.0)(0.5 0.5)(0.5 0.5))((0.5 0.5)(0.0 1.0)(0.5 0.5)(0.5 0.5)(0.0 1.0)(0.5 0.5)(0.0 1.0)(0.5 0.5)(0.5 0.5))((0.5 0.5)(0.1730769 0.8269231)(0.5 0.5)(0.0 1.0)(0.3333333 0.6666667)(0.2758621 0.7241379)(0.0 1.0)(0.5 0.5)(0.0 1.0)))(((0.0 1.0)(0.0 1.0)(0.0 1.0)(0.0 1.0)(0.0007487832 0.9992512168)(0.0004411116 0.9995588884)(0.0 1.0)(0.0 1.0)(0.0 1.0))((0.0 1.0)(0.01818182 0.98181818)(0.0 1.0)(0.0 1.0)(0.05299539 0.94700461)(0.01954397 0.98045603)(0.01718213 0.98281787)(0.002777778 0.997222222)(0.009615385 0.990384615))((0.0 1.0)(0.0 1.0)(0.0 1.0)(0.0 1.0)(0.0005235602 0.9994764398)(0.0 1.0)(0.0 1.0)(0.0 1.0)(0.0 1.0))((0.002237136 0.997762864)(0.003955696 0.996044304)(0.001836547 0.998163453)(0.007407407 0.992592593)(0.01390887 0.98609113)(0.001542416 0.998457584)(0.004316547 0.995683453)(0.004868549 0.995131451)(0.003567182 0.996432818))((0.001540832 0.998459168)(0.001631321 0.998368679)(0.003472222 0.996527778)(0.0 1.0)(0.2157649 0.7842351)(0.0 1.0)(0.002936858 0.997063142)(0.02695764 0.97304236)(0.00516129 0.99483871))((0.0 1.0)(0.1320542 0.8679458)(0.001805054 0.998194946)(0.0 1.0)(0.3612491 0.6387509)(0.2005242 0.7994758)(0.1619718 0.8380282)(0.05762082 0.94237918)(0.1015873 0.8984127))((0.0 1.0)(0.0 1.0)(0.0 1.0)(0.0 1.0)(0.0 1.0)(0.0 1.0)(0.0 1.0)(0.0 1.0)(0.0 1.0))((0.0 1.0)(0.03846154 0.96153846)(0.0 1.0)(0.0 1.0)(0.2145594 0.7854406)(0.07949791 0.92050209)(0.05228758 0.94771242)(0.02727273 0.97272727)(0.03211009 0.96788991))((0.0 1.0)(0.0 1.0)(0.5 0.5)(0.0 1.0)(0.0 1.0)(0.4166667 0.5833333)(0.2 0.8)(0.0 1.0)(0.0 1.0))((0.0 1.0)(0.0 1.0)(0.0 1.0)(0.5 0.5)(0.0 1.0)(0.3333333 0.6666667)(0.125 0.875)(0.0 1.0)(0.0 1.0))((0.0 1.0)(0.1182266 0.8817734)(0.0 1.0)(0.0 1.0)(0.1818182 0.8181818)(0.006637168 0.993362832)(0.07692308 0.92307692)(0.01754386 0.98245614)(0.04545455 0.95454545))))) ;
}
potential ( GRUPO_ROBSON | TIPO_PARTO ) 
{
  data = ((0.142150179 0.065899106 0.234004949 0.025602181 0.073423219 0.216179367 0.115184568 0.070898349 0.001262435 0.002928849 0.052466798)(0.0 0.0 0.0 0.0 0.0 0.0 0.6 0.4 0.0 0.0 0.0)(0.381773399 0.083743842 0.197044335 0.088669951 0.041871921 0.110837438 0.000000000 0.000000000 0.001231527 0.000000000 0.094827586)(0.4019587558 0.0364852748 0.2400855231 0.1039382026 0.0573142975 0.1043520243 0.0000000000 0.0000000000 0.0009655838 0.0000000000 0.0549003380)(0.2429975 0.06613590 0.1049451 0.3566661 0.1213937 0.05199958 5.255137e-05 7.882705e-05 4.466866e-04 2.627568e-05 5.525776e-02)(0.000000000 0.000000000 0.000000000 0.007874016 0.007874016 0.000000000 0.314960630 0.566929134 0.000000000 0.000000000 0.102362205)(0.0 0.0 0.0 0.0 0.0 0.0 0.0 0.0 0.0 0.0 1.0)(0.04347826 0.02173913 0.00000000 0.02173913 0.00000000 0.00000000 0.00000000 0.00000000 0.00000000 0.00000000 0.91304348)) ;
}
potential ( GS | VIGIADA ) 
{
  data = ((0.0 0.0 0.0 0.0 0.0 0.0 0.0 0.0 0.0 1.0 0.0 0.0 0.0 0.0)(0.0000000000 0.0000000000 0.0740025740 0.3854568855 0.0000000000 0.0057915058 0.0321750322 0.0000000000 0.0109395109 0.0823680824 0.0006435006 0.0553410553 0.3204633205 0.0328185328)(1.395401e-05 5.581603e-05 7.791918e-02 3.975636e-01 1.395401e-05 6.209533e-03 3.036392e-02 1.395401e-05 1.275396e-02 6.979795e-02 9.767805e-05 6.513731e-02 3.378963e-01 2.162871e-03)(0.00000000 0.00000000 0.09022556 0.27067669 0.00000000 0.00000000 0.05263158 0.00000000 0.01503759 0.09022556 0.00000000 0.05263158 0.32330827 0.10526316)) ;
}
potential ( IDADE_GESTACIONAL_ADMISSAO | SEMANAS_GESTACAO_PARTO TRAB_PARTO_ENTRADA_ESPONTANEO silo ) 
{
  data = ((((0.32970027 0.65667575 0.01362398 0.00000000 0.00000000)(0.85433071 0.13385827 0.01181102 0.00000000 0.00000000)(0.888888889 0.106060606 0.005050505 0.000000000 0.000000000)(0.78666667 0.10666667 0.09333333 0.00000000 0.01333333)(0.86314526 0.11284514 0.02160864 0.00120048 0.00120048)(0.846011132 0.150278293 0.003710575 0.000000000 0.000000000)(0.912213740 0.076335878 0.007633588 0.003816794 0.000000000)(0.908823529 0.082352941 0.008823529 0.000000000 0.000000000)(0.863720074 0.128913444 0.007366483 0.000000000 0.000000000))((0.63636364 0.35227273 0.01136364 0.00000000 0.00000000)(0.915306122 0.077551020 0.007142857 0.000000000 0.000000000)(0.927215190 0.064873418 0.007911392 0.000000000 0.000000000)(0.90651558 0.03116147 0.06232295 0.00000000 0.00000000)(0.94159928 0.04043127 0.01796945 0.00000000 0.00000000)(0.915264798 0.062928349 0.021183801 0.000623053 0.000000000)(0.944881890 0.051181102 0.003937008 0.000000000 0.000000000)(0.93144208 0.05319149 0.01536643 0.00000000 0.00000000)(0.938438438 0.053303303 0.008258258 0.000000000 0.000000000)))(((0.2 0.2 0.2 0.2 0.2)(0.002898551 0.997101449 0.000000000 0.000000000 0.000000000)(0.007575758 0.992424242 0.000000000 0.000000000 0.000000000)(0.017391304 0.939130435 0.026086957 0.008695652 0.008695652)(0.0016501650 0.9851485149 0.0123762376 0.0008250825 0.0000000000)(0.002051282 0.994871795 0.003076923 0.000000000 0.000000000)(0.004618938 0.995381062 0.000000000 0.000000000 0.000000000)(0.005988024 0.992015968 0.001996008 0.000000000 0.000000000)(0.001321004 0.996036988 0.002642008 0.000000000 0.000000000))((0.2 0.2 0.2 0.2 0.2)(0.007122507 0.990028490 0.002849003 0.000000000 0.000000000)(0.066225166 0.931567329 0.000000000 0.000000000 0.002207506)(0.13586957 0.82608696 0.03804348 0.00000000 0.00000000)(0.136423841 0.848344371 0.013907285 0.001324503 0.000000000)(0.0200153965 0.9576597383 0.0215550423 0.0007698229 0.0000000000)(0.033747780 0.960923623 0.005328597 0.000000000 0.000000000)(0.056962025 0.938291139 0.004746835 0.000000000 0.000000000)(0.01097695 0.98682766 0.00219539 0.00000000 0.00000000)))(((0.000000000 0.033033033 0.965465465 0.001501502 0.000000000)(0.00000000 0.05524862 0.78637201 0.15837937 0.00000000)(0.002192982 0.054824561 0.769736842 0.171052632 0.002192982)(0.01010101 0.05555556 0.80808081 0.11616162 0.01010101)(0.0000000000 0.0415314731 0.7962362103 0.1615833874 0.0006489293)(0.00000000 0.06163753 0.78196872 0.15639374 0.00000000)(0.0000000 0.0770416 0.7750385 0.1479199 0.0000000)(0.00000000 0.05018587 0.80855019 0.14126394 0.00000000)(0.0009746589 0.0448343080 0.7875243665 0.1666666667 0.0000000000))((0.004472272 0.118962433 0.874776386 0.001788909 0.000000000)(0.0006830601 0.0471311475 0.8456284153 0.1058743169 0.0006830601)(0.078832117 0.113868613 0.722627737 0.083211679 0.001459854)(0.04713805 0.24579125 0.64309764 0.06397306 0.00000000)(0.1224576271 0.2648305085 0.5512711864 0.0605932203 0.0008474576)(0.001043841 0.067327766 0.848643006 0.082985386 0.000000000)(0.0017777778 0.0631111111 0.8773333333 0.0568888889 0.0008888889)(0.03715415 0.10750988 0.80869565 0.04664032 0.00000000)(0.0005730659 0.0722063037 0.8613180516 0.0659025788 0.0000000000)))(((0.00000000 0.00000000 0.05610561 0.94279428 0.00110011)(0.000000000 0.004651163 0.004651163 0.990697674 0.000000000)(0.00000000 0.00234192 0.01170960 0.98594848 0.00000000)(0.000000000 0.010471204 0.036649215 0.947643979 0.005235602)(0.000000000 0.000000000 0.006379585 0.992025518 0.001594896)(0.000000000 0.000000000 0.009615385 0.987980769 0.002403846)(0.000000000 0.000000000 0.004411765 0.994117647 0.001470588)(0.000000000 0.000000000 0.007556675 0.992443325 0.000000000)(0.000000000 0.000000000 0.000000000 0.998819362 0.001180638))((0.0000000000 0.0017667845 0.1360424028 0.8613074205 0.0008833922)(0.000000000 0.000000000 0.017117117 0.981081081 0.001801802)(0.000000000 0.011976048 0.053892216 0.932135729 0.001996008)(0.00000000 0.02061856 0.10309278 0.86597938 0.01030928)(0.015396459 0.079291763 0.114703618 0.788298691 0.002309469)(0.0009496676 0.0000000000 0.0389363723 0.9582146249 0.0018993352)(0.00000000 0.00000000 0.03196347 0.96651446 0.00152207)(0.008752735 0.019693654 0.054704595 0.916849015 0.000000000)(0.000000000 0.001011122 0.008088979 0.987866532 0.003033367)))(((0.0000000 0.0000000 0.0000000 0.1653543 0.8346457)(0.000000000 0.000000000 0.002298851 0.080459770 0.917241379)(0.000000000 0.000000000 0.002710027 0.086720867 0.910569106)(0.00000000 0.00000000 0.01556420 0.07392996 0.91050584)(0.000000000 0.000000000 0.004037685 0.060565276 0.935397039)(0.000000000 0.000000000 0.004255319 0.087943262 0.907801418)(0.00000000 0.00000000 0.00000000 0.08934708 0.91065292)(0.00000000 0.00000000 0.00000000 0.06142506 0.93857494)(0.00000000 0.00000000 0.00000000 0.05617978 0.94382022))((0.000000000 0.000000000 0.004683841 0.274004684 0.721311475)(0.000000000 0.000000000 0.004398827 0.093108504 0.902492669)(0.000000000 0.001201923 0.008413462 0.098557692 0.891826923)(0.000000000 0.006382979 0.038297872 0.165957447 0.789361702)(0.001249479 0.023323615 0.059142024 0.261141191 0.655143690)(0.00000000 0.00000000 0.01100413 0.07634113 0.91265475)(0.000000000 0.000000000 0.001722158 0.102181401 0.896096441)(0.001358696 0.004076087 0.016304348 0.110054348 0.868206522)(0.000000000 0.000000000 0.001290323 0.045806452 0.952903226)))) ;
}
potential ( IDADE_MATERNA | A_GESTA GRUPO_ROBSON TIPO_GRAVIDEZ VIGIADA_PARICULAR ) 
{
